Name,RA(deg),Dec(deg),pm_RA(mas/yr),pm_Dec(mas/yr),Vr(km/s),parallax(mas)
Wolf 359,164.120271,+07.014658,-3842.0,-2725.0,19.321,418.3
Proxima Centauri,217.42895219,-62.67948975,-3775.75,765.54,-22.40,768.13
Alpha Centauri,219.900850,-60.835619,-3608,686,-22.3,742
Barnard's star,269.45207511,+04.69339088,-798.58,10328.12,-110.51,548.31
Gliese 445,176.92240640,+78.69116300,743.61,481.40,-111.65,186.86
Luhman 16A,150.8218675,-53.319405556,-2754.77,358.72,23.1,500.51
Sirius,101.28715533,-16.71611586,-546.01,-1223.07,-5.50,379.21
Lalande 21185,165.83414166,+35.96988004,-580.27,-4765.85,-84.69,392.64
Ross 248,355.479122,+44.177994,115.10,-1592.77,-77.715,316.7
Gliese 65,24.756054,-17.950569,3321,562,29,373.70